0.03561424600047758
0.04940403100044932
0.04562750999866694
0.03783021600065695
0.03924423299940827
0.03642056600074284
0.04424813799960248
0.03481344799911312
0.0385039400007372
0.038015255999198416
0.040689112998734345
0.039670361000389676
0.037419288000819506
0.05007646599915461
0.03505320099975506
0.03894644699903438
0.037117809000847046
0.03766567099955864
0.06065787299849035
0.06222858100045414
0.033756521999748657
0.04034209299970826
0.0753005780006788
0.0410150949992385
0.04118964699955541
0.05932831400059513
0.03671563500029151
0.03427969000040321
0.03543718999935663
0.037310400999558624
0.03956934599955275
0.04619683700002497
0.039860798000518116
0.04251745800138451
0.038656909000565065
0.04632777999904647
0.03580018499997095
0.0365013890004775
0.04100082399963867
0.04048997999962012
0.03321786700144003
0.037710384000092745
0.03576743199846533
0.04606526700081304
0.035856177000823664
0.03813703999912832
0.03797516499980702
0.039287181998588494
0.07566637899981288
0.03871035500014841
0.046378205001019523
0.04023650899944187
0.06375543099966308
0.03760315299950889
0.037034879000202636
0.03432320000138134
0.03573004099962418
0.043841665999934776
0.05424411199965107
0.03891365500021493
0.04108086700034619
0.037683741000364535
0.042507114998443285
0.03783348499928252
0.04191448499841499
0.03628684700015583
0.03943224199974793
0.03971807500056457
0.03384417800043593
0.04247256500093499
0.039517631001217524
0.036164493998512626
0.03626050999992003
0.044050976999642444
0.04134878500008199
0.04050808300053177
0.0443605660002504
0.03733949600064079
0.05107185500128253
0.039912350999657065
0.042711392999990494
0.03582838200054539
0.03574516499975289
0.035609435000878875
0.036862310000287835
0.03708724199896096
0.03647464000096079
0.03873604699947464
0.06005885400008992
0.03577392199986207
0.03549686400037899
0.049782905998654314
0.03580056500140927
0.05130196400023124
0.049009578999175574
0.05095825100033835
0.03862812599982135
0.04300280399911571
0.035800657999061514
0.03614973699950497
