0.0042085410004801815
0.004866830000537448
0.004364239001006354
0.004391845001009642
0.004259765999449883
0.004187779000858427
0.004200047000267659
0.004190614999970421
0.004187182999885408
0.004293698999390472
0.004246892998708063
0.004259723998984555
0.004187541999272071
0.004252132999681635
0.004204050999760511
0.00418903500030865
0.0041919119994418
0.004193504000795656
0.004194346000076621
0.004222658000799129
0.00467309699888574
0.00450011900102254
0.004236633998516481
0.004902324000795488
0.004206098999929964
0.004194001001451397
0.004974995999873499
0.004203724000035436
0.0045442370010277955
0.00420076299997163
0.0044153969993203646
0.006933562999620335
0.004333484999733628
0.004275822999261436
0.004812793999008136
0.0042853009999817004
0.0044451579997257795
0.004258404000211158
0.004388647999803652
0.004649559001336456
0.004363527999885264
0.004253802999301115
0.004827364000448142
0.004283764999854611
0.004364243000964052
0.004264192999471561
0.004257591999703436
0.0045322640016820515
0.004233786999975564
0.0042525469998508925
0.004318598999816459
0.004702391999671818
0.004221479000989348
0.004590942000504583
0.0041994709990831325
0.004216232999169733
0.0045904880007583415
0.00422143700052402
0.004316059999837307
0.0042313840003771475
0.004930270000841119
0.0042643449996830896
0.004230856999129173
0.004826260999834631
0.004228906000207644
0.0047249379986169515
0.004878533000010066
0.004728544001409318
0.004196201000013389
0.004442430999915814
0.004582399000355508
0.00487935099954484
0.004196644000330707
0.004363870999441133
0.004248019000442582
0.0042063549990416504
0.00418245999935607
0.004735406999316183
0.004751750999275828
0.0044830370006820885
0.004289845999664976
0.004778185999384732
0.004213046999211656
0.004275068000424653
0.004189933999441564
0.004200048000711831
0.004243917999701807
0.004191146999801276
0.00420111599851225
0.004486820000238367
0.004243852999934461
0.0043615570011752425
0.004185363999567926
0.004344331000538659
0.004225480999593856
0.004426519999469747
0.004195527999399928
0.004453366000234382
0.004662540999561315
0.0042117050015804125
